[0.9307036247334755, 0.8798627002288328, 0.9236410698878343, 0.8523809523809525, 0.7537202380952381, 0.8798627002288328, 0.7619047619047619, 0.9037350246652572]
AVG: 0.8607263840156482
[0.8798627002288328, 0.9090909090909091, 0.9480286738351253, 0.84375, 0.8240215924426451, 0.8588235294117645, 0.768944099378882, 0.9534883720930233]
AVG: 0.8732512345601477
[0.631578947368421, 0.6428571428571428, 0.7450980392156862, 0.6428571428571428, 0.6268754076973254, 0.6428571428571428, 0.789705031810295, 0.6350387596899225]
AVG: 0.6696084517941348
[0.9058823529411765, 0.9058823529411765, 0.9745470232959448, 0.84375, 0.8029761904761905, 0.9279176201372998, 0.7505252100840336, 0.8878383530308807]
AVG: 0.8749148878633377
[0.8879598662207357, 0.8636363636363636, 0.9236410698878343, 0.8523809523809525, 0.33186813186813185, 0.9058823529411765, 0.7520507661352732, 0.8556025369978858]
AVG: 0.7966277550085442
